C:\Users\marios\Documents\Visual Studio 2013\Projects\Automatic_Panorama_Stitching\Automatic_Panorama_Stitching\images\pano_6\2.jpg
488 725

1 0 362 
0 1 243.5 
0 0 1 

0.999483 0.00806057 0.031141 
-0.00805666 0.999968 -0.000250988 
-0.0311421 -2.38604e-009 0.999515 

715.929

C:\Users\marios\Documents\Visual Studio 2013\Projects\Automatic_Panorama_Stitching\Automatic_Panorama_Stitching\images\pano_6\3.jpg
484 728

1 0 363.5 
0 1 241.5 
0 0 1 

0.999895 -0.0101234 0.0104096 
0.0145052 0.729088 -0.684266 
-0.000662461 0.684345 0.729158 

717.662

C:\Users\marios\Documents\Visual Studio 2013\Projects\Automatic_Panorama_Stitching\Automatic_Panorama_Stitching\images\pano_6\4.jpg
486 728

1 0 363.5 
0 1 242.5 
0 0 1 

0.999727 -0.00605298 0.0225826 
-0.00196318 0.94076 0.339069 
-0.0232972 -0.33902 0.940491 

718.603

C:\Users\marios\Documents\Visual Studio 2013\Projects\Automatic_Panorama_Stitching\Automatic_Panorama_Stitching\images\pano_6\5.jpg
484 728

1 0 363.5 
0 1 241.5 
0 0 1 

0.99942 -0.0279431 0.0194479 
0.0108291 0.802504 0.596548 
-0.0322765 -0.595992 0.802342 

724.156

C:\Users\marios\Documents\Visual Studio 2013\Projects\Automatic_Panorama_Stitching\Automatic_Panorama_Stitching\images\pano_6\1.jpg
486 726

1 0 362.5 
0 1 242.5 
0 0 1 

0.999873 0.0142833 0.0070293 
-0.0102333 0.914929 -0.403485 
-0.0121944 0.403362 0.914959 

715.921

